2953
2953
82 123 203 271 284 342 425 843 868 922 1047 1696 1919 1926 2025 2061 2110 2118 2221 2228 2352 2354 2406 2521 2554 2618 2744 2843 2979 2993 3019 3024 3065 3249 3267 3277 3338 3483 3488 3493 3512 3534 3541 3593 3630 3762 3798 3931 4027 4049 4081 4093 4223 4338 4625 4691 4938 5183 5189 5278 5280 5371 5761 5767 5779 5787 5811 5941 6137 6376 6406 6531 6657 6665 6816 6922 6952 6968 7075 7135 7531 7566 7628 7662 7804 7950 8098 8105 8106 8111 8117 8137 8149 8153 8173 8186 8578 8597 8606 8621 8628 8630 8664 8666 8714 8746 8796 9022 9170 9182 9230 9535 9603 9667 9697 9706 9734 9760 9761 9763 9792 9816 10041 10106 10135 10246 10255 10308 10341 10355 10364 10382 10606 10617 10632 10654 10693 10696 10703 10718 10734 10756 10773 10780 10807 10809 10825 10905 10931 11124 11135 11203 11209 11213 11234 11243 11244 11291 11324 11490 11498 11661 11752 11773 11918 11946 12122 12136 12394 12396 12416 12432 12463 12480 12488 12799 12848 12878 12986 13019 14757 14770
307 1226 1292 1809 1913 1931 1943 1976 2022 2508 2965 3001 3306 3371 3524 4026 4088 4090 4113 4131 4188 4666 4682 4720 4783 5169 5181 5223 5232 5235 5269 5279 5376 5561 5841 6079 6359 6452 6603 6914 6926 7012 7356 7499 7538 7599 7652 7710 7927 8004 8147 8200 9361 9784 9975 10455 11193 11200 11228 11263 11574 11665 11739 11794 11798 11938 12372 12829 12875 13530 13649 13690 13791 14739
29
29 9615
29
29
29
29
82 123 203 247 271 284 307 341 342 411 425 843 868 913 922 953 991 1008 1047 1085 1185 1197 1201 1226 1292 1356 1393 1398 1406 1590 1616 1631 1696 1792 1809 1845 1871 1913 1919 1926 1931 1943 1976 2022 2025 2061 2087 2110 2118 2221 2228 2269 2352 2354 2367 2406 2425 2448 2508 2521 2554 2565 2576 2618 2725 2744 2802 2843 2864 2925 2936 2942 2965 2979 2993 3001 3010 3019 3024 3044 3065 3068 3084 3134 3249 3253 3267 3277 3306 3338 3365 3371 3482 3483 3488 3493 3512 3524 3534 3541 3584 3593 3630 3762 3798 3847 3855 3931 3982 4026 4027 4049 4081 4088 4090 4093 4113 4131 4188 4223 4338 4409 4490 4509 4549 4552 4595 4625 4648 4666 4682 4691 4708 4720 4763 4783 4903 4938 5057 5160 5169 5181 5183 5189 5223 5232 5235 5269 5277 5278 5279 5280 5288 5363 5371 5376 5423 5542 5561 5611 5639 5761 5767 5779 5786 5787 5811 5819 5841 5895 5909 5941 6006 6079 6086 6137 6209 6269 6359 6376 6406 6452 6531 6603 6606 6639 6657 6665 6716 6764 6788 6816 6906 6914 6922 6926 6941 6952 6968 6981 7012 7027 7062 7075 7080 7135 7321 7356 7477 7499 7531 7538 7562 7566 7571 7599 7628 7638 7652 7662 7710 7804 7854 7899 7927 7950 8004 8098 8105 8106 8111 8117 8137 8147 8149 8153 8173 8186 8194 8200 8247 8273 8413 8522 8578 8597 8606 8621 8628 8629 8630 8664 8666 8678 8714 8728 8746 8796 8951 9022 9055 9060 9170 9182 9230 9299 9308 9315 9361 9406 9470 9509 9515 9535 9603 9617 9656 9667 9681 9697 9706 9734 9745 9760 9761 9763 9764 9784 9792 9816 9855 9907 9943 9975 10041 10106 10135 10238 10246 10255 10306 10308 10321 10341 10355 10356 10364 10382 10397 10416 10455 10606 10617 10632 10654 10693 10696 10703 10704 10710 10718 10734 10756 10773 10780 10796 10807 10809 10825 10856 10905 10913 10931 11124 11135 11193 11200 11203 11209 11213 11228 11234 11243 11244 11263 11291 11324 11490 11492 11498 11574 11587 11661 11665 11739 11752 11773 11794 11798 11863 11918 11938 11946 11997 12122 12136 12138 12177 12183 12197 12372 12394 12396 12404 12413 12416 12432 12453 12463 12480 12488 12494 12563 12745 12789 12799 12805 12810 12819 12829 12846 12848 12875 12878 12986 13019 13053 13141 13530 13552 13649 13690 13739 13791 14012 14434 14642 14739 14757 14770
