5214 3534 9203 13046 6657 8060 3192 2521 11224 6996
12907 1340 2515 5711 8884 9907 8510 12337 696 1263
4133 5985 13046 13649 1836 8441 5376 4382 12827 9470
12848 5570 11224 13046 10780 13261 3534 11118 7566 6086
998 8595 1764 1734 2483 2818 1456 388 5993 6075
2428 5779 1456 9638 4232 7927 9650 8137 11739 6547
3534 4470 110 11224 8569 8441 714 8598 5985 10780
7733 5258 748 9667 11753 12887 6665 2375 1560 11504
8716 2923 4049 12848 3446 3115 11224 4809 13261 5394
733 709 424 706 1584 2968 2783 7012 3394 4970
2958 5561 940 5258 5376 6996 8961 9754 232 2383
2618 10306 6603 7873 3217 11504 4630 2375 4944 8098

