5214 3534 9203 13046 6657 8060 3192 2521 6996 11224
12907 1340 2515 5711 8884 9907 8510 12337 696 1263
4133 13649 5985 13046 4382 8441 1836 12827 5376 5888
12848 5570 11224 13046 10780 13261 3534 11118 7566 6086
998 8595 1764 1734 2483 2818 1456 388 5993 6075
2428 14109 8103 8184 7443 8137 6603 7310 4232 2709
3534 4470 110 11224 342 8569 8441 714 8598 5985
7733 5258 748 9667 11753 12887 6665 2375 1560 11504
8716 2923 4049 12848 3446 3115 11224 4809 13261 5394
733 400 709 424 706 1584 2968 2783 7012 3394
2958 5561 940 5258 5376 6996 8961 9754 232 2383
2618 10306 6603 7873 3217 11504 4630 2375 4944 8098

9615 29 6269 9479 4490 13046 10617 5113 2913 10313
9615 29 6269 9479 4490 13046 10617 5113 2913 10313
13130 829 10831 3252 12313
13130 12312 12313 10831 14689
13130 10831 12313 829 3252 12312 14689
5070 5167 5169 5273 9149 9213 11224 1963 4067 10689
5258 10760 13462 8961 9953 10505 5382 7071 11843 9559
5258 10760 13462 8961 7071 9953 10505 11843 11224 1
9615 10617 3512 29 9170 10780 9022 7135 8746 6657
12136 3065 2221 10617 3019 10780 9022 4093 5779 5767
12136 3065 10617 9022 10780 3019 2221 8621 8664 8714
29 9615
11135 4027 5779 868 2843 3493 5761 6137 6657 7662
